13435,8,1,1,2021,30,14909732,2334864,642088,1167432,700459,817202,175115,972860,2270007,432382,1080956
7784,8,1,1,2019,30,7398935,1158673,318635,579337,347602,405536,86900,482780,1126488,214569,536423
4672,8,1,1,2019,30,4947414,774765,213060,387382,232429,271168,58107,322819,753244,143475,358687
10000,8,1,1,2019,30,8917289,1396448,384023,698224,418934,488757,104734,581853,1357657,258601,646503
9200,8,1,1,2019,30,8323354,1303437,358445,651719,391031,456203,97758,543099,1267231,241377,603443
6320,8,1,1,2019,30,6146488,962540,264699,481270,288762,336889,72191,401058,935803,178248,445620
8264,8,1,1,2019,30,7623116,1193780,328289,596890,358134,417823,89533,497408,1160619,221070,552676
4200,8,1,1,2019,30,4478861,701390,192882,350695,210417,245486,52604,292246,681907,129887,324717
7563,8,1,1,2019,30,7095751,1111195,305578,555597,333358,388918,83340,462998,1080328,205777,514442
6450,8,1,1,2019,30,6245314,978016,268954,489008,293405,342306,73351,407507,950849,181114,452785
11200,8,1,1,2019,30,9798803,1534493,421985,767246,460348,537072,115087,639372,1491868,284165,710413
6000,8,1,1,2019,30,5898784,923750,254031,461875,277125,323312,69281,384896,898090,171065,427662
5350,6,1,1,2019,30,5121621,802046,220563,401023,240614,280716,60153,334186,779767,148527,371318
4600,6,1,1,2019,30,4548125,712236,195865,356118,213671,249283,53418,296765,692452,131896,329739
10000,6,1,1,2019,30,8547938,1338607,368117,669304,401582,468513,100396,557753,1301424,247890,619726
8546,6,1,1,2021,30,9424933,1475945,405885,737972,442783,516581,110696,614977,1434946,273323,683308
11260,6,1,1,2021,30,11888085,1861674,511960,930837,558502,651586,139626,775698,1809961,344754,861886
3655,6,1,1,2021,30,4796066,751064,206543,375532,225319,262872,56330,312943,730201,139086,347715
10200,6,1,1,2021,30,10932741,1712067,470818,856034,513620,599224,128405,713361,1664510,317049,792624
5320,6,1,1,2021,30,6414776,1004554,276252,502277,301366,351594,75342,418564,976650,186029,465071
7540,6,1,1,2021,30,8499356,1330999,366025,665500,399300,465850,99825,554583,1294027,246481,616203
4900,6,1,1,2021,30,6011237,941360,258874,470680,282408,329476,70602,392233,915211,174326,435815
7652,6,1,1,2021,30,8602144,1347096,370451,673548,404129,471483,101032,561290,1309676,249462,623655
3200,6,1,1,2021,30,4341371,679859,186961,339929,203958,237951,50989,283274,660974,125900,314749
2460,5,1,1,2021,30,3430121,537157,147718,268578,161147,188005,40287,223815,522236,99474,248684
2800,5,1,1,2021,30,3771424,590605,162416,295302,177181,206712,44295,246085,574199,109371,273428
3560,5,1,1,2021,30,4515848,707182,194475,353591,212155,247514,53039,294659,687538,130960,327399
3480,5,1,1,2021,30,4439706,695258,191196,347629,208577,243340,52144,289691,675945,128751,321879
4000,5,1,1,2021,30,4939903,773589,212737,386794,232077,270756,58019,322329,752100,143257,358143
4365,5,1,1,2021,30,5288089,828115,227732,414057,248434,289840,62109,345048,805112,153355,383386
5000,5,1,1,2021,30,5887943,922052,253564,461026,276616,322718,69154,384188,896439,170750,426876
5698,5,1,1,2021,30,6540064,1024174,281648,512087,307252,358461,76813,426739,995725,189662,474155
6000,5,1,1,2021,30,6820033,1068017,293705,534009,320405,373806,80101,445007,1038350,197781,494452
6546,5,1,1,2021,30,7322518,1146706,315344,573353,344012,401347,86003,477794,1114853,212353,530883
7000,5,1,1,2021,30,7737949,1211763,333235,605881,363529,424117,90882,504901,1178103,224401,561001
7468,5,1,1,2021,30,8164104,1278499,351587,639249,383550,447475,95887,532708,1242985,236759,591898
8200,5,1,1,2021,30,8828462,1382537,380198,691269,414761,483888,103690,576057,1344133,256025,640063
8756,5,1,1,2021,30,9328088,1460779,401714,730389,438234,511272,109558,608658,1420201,270515,676286
9125,5,1,1,2021,30,9659948,1512748,416006,756374,453824,529462,113456,630312,1470727,280138,700346
9438,5,1,1,2021,30,9939478,1556522,428044,778261,466957,544783,116739,648551,1513286,288245,720612
10000,5,1,1,2021,30,10442081,1635230,449688,817615,490569,572330,122642,681346,1589807,302820,757051
10450,5,1,1,2021,30,10841942,1697848,466908,848924,509354,594247,127339,707437,1650686,314416,786041
4000,5,2,1,2019,30,7780692,1218456,335076,609228,365537,426460,91384,507690,1184610,225640,564100
5230,5,2,1,2019,30,9553670,1496105,411429,748052,448831,523637,112208,623377,1454546,277056,692641
7200,5,2,1,2019,30,12304553,1926893,529896,963446,578068,674413,144517,802872,1873368,356832,892080
8920,5,2,1,2019,30,15334186,2401333,660367,1200667,720400,840467,180100,1000556,2334630,444691,1111728
10230,5,2,1,2019,30,16397090,2567784,706141,1283892,770335,898725,192584,1069910,2496457,475516,1188789
12600,5,2,1,2019,30,19520503,3056911,840650,1528455,917073,1069919,229268,1273713,2971997,566095,1415236
4350,6,2,1,2019,30,8815,1380,380,690,414,483,104,575,1342,256,639
4790,6,2,1,2019,30,9924067,1554109,427380,777054,466233,543938,116558,647545,1510939,287798,719495
5000,6,2,1,2019,30,10248334,1604889,441344,802445,481467,561711,120367,668704,1560309,297202,743004
5943,6,2,1,2019,30,11698546,1831992,503798,915996,549598,641197,137399,763330,1781104,339258,848145
6384,6,2,1,2019,30,12367006,1936673,532585,968337,581002,677836,145250,806947,1882877,358643,896608
7000,6,2,1,2019,30,13289381,2081117,572307,1040559,624335,728391,156084,867132,2023308,385392,963480
7943,6,2,1,2019,30,14688310,2300189,632552,1150095,690057,805066,172514,958412,2236295,425961,1064902
8240,6,2,1,2019,30,15126070,2368742,651404,1184371,710623,829060,177656,986976,2302944,438656,1096640
9720,6,2,1,2019,30,17274758,2705227,743937,1352614,811568,946830,202892,1127178,2630082,500968,1252420
10720,6,2,1,2019,30,18709812,2929957,805738,1464978,878987,1025485,219747,1220815,2848569,542585,1356461
11000,6,2,1,2019,30,19110794,2992750,823006,1496375,897825,1047463,224456,1246979,2909618,554213,1385533
11344,6,2,1,2019,30,19598597,3069140,844014,1534570,920742,1074199,230186,1278808,2983886,568359,1420898
11500,6,2,1,2019,30,19821912,3104111,853631,1552056,931233,1086439,232808,1293380,3017886,574835,1437089
12760,6,2,1,2019,30,21600533,3382643,930227,1691322,1014793,1183925,253698,1409435,3288681,626415,1566039
13580,6,2,1,2019,30,22760011,3564218,980160,1782109,1069265,1247476,267316,1485091,3465212,660040,1650101
5204,5,3,1,2018,30,9501584,1487948,409186,743974,446384,520782,111596,619978,1446616,275546,688865
6520,5,3,1,2018,30,11281135,1766626,485822,883313,529988,618319,132497,736094,1717553,327153,817882
7843,5,3,1,2018,30,13026661,2039975,560993,1019988,611993,713991,152998,849990,1983309,377773,944433
8100,5,3,1,2018,30,13357577,2091797,575244,1045898,627539,732129,156885,871582,2033691,387370,968424
9000,5,3,1,2018,30,14520164,2273858,625311,1136929,682157,795850,170539,947441,2210695,421085,1052712
14000,5,3,1,2018,30,20784030,3254779,895064,1627390,976434,1139173,244108,1356158,3164369,602737,1506842
9900,5,3,1,2018,30,15670454,2453993,674848,1226997,736198,858898,184049,1022497,2385827,454443,1136108
10540,5,3,1,2018,30,16482751,2581199,709830,1290599,774360,903420,193590,1075499,2509499,478000,1194999
11000,5,3,1,2020,30,21936582,3435269,944699,1717634,1030581,1202344,257645,1431362,3339845,636161,1590402
11560,5,3,1,2020,30,22835893,3576101,983428,1788050,1072830,1251635,268208,1490042,3476765,662241,1655602
13000,5,3,1,2020,30,25141131,3937101,1082703,1968551,1181130,1377985,295283,1640459,3827737,729093,1822732
20150,5,3,1,2020,30,23370996,3659898,1006472,1829949,1097969,1280964,274492,1524958,3558234,677759,1694397
25000,5,3,1,2020,30,28110655,4402129,1210585,2201064,1320639,1540745,330160,1834220,4279847,815209,2038023
27400,5,3,1,2020,30,30429195,4765212,1310433,2382606,1429564,1667824,357391,1985505,4632845,882447,2206117
32000,5,3,1,2020,30,34839378,5455847,1500358,2727923,1636754,1909546,409188,2273269,5304295,1010342,2525855
38388,5,3,1,2020,30,40891065,6403541,1760974,3201770,1921062,2241239,480266,2668142,6225665,1185841,2964602
34280,5,3,1,2020,30,37007453,5795367,1593726,2897684,1738610,2028378,434653,2414736,5634385,1073216,2683040
33600,5,3,1,2020,30,36362426,5694356,1565948,2847178,1708307,1993025,427077,2372648,5536179,1054510,2636276
40000,5,3,1,2020,30,42410461,6641478,1826406,3320739,1992443,2324517,498111,2767283,6456993,1229903,3074758
37000,5,3,1,2020,30,39581071,6198396,1704559,3099198,1859519,2169439,464880,2582665,6026218,1147851,2869628
36000,5,3,1,2020,30,38636808,6050524,1663894,3025262,1815157,2117683,453789,2521052,5882454,1120467,2801169
7000,3,5,1,2018,30,10650572,1667880,458667,833940,500364,583758,125091,694950,1621550,308867,772166
9400,3,5,1,2018,30,13437473,2104308,578685,1052154,631292,736508,157823,876795,2045855,389687,974217
10720,3,5,1,2018,30,15708953,2460022,676506,1230011,738007,861008,184502,1025009,2391688,455560,1138899
14300,3,5,1,2018,30,18905540,2960608,814167,1480304,888182,1036213,222046,1233587,2878369,548261,1370652
15000,3,5,1,2018,30,19666717,3079808,846947,1539904,923942,1077933,230986,1283253,2994258,570335,1425837
15820,3,5,1,2018,30,20560782,3219819,885450,1609909,965946,1126936,241486,1341591,3130379,596263,1490657
16100,3,5,1,2018,30,20862326,3267040,898436,1633520,980112,1143464,245028,1361267,3176289,605007,1512519
16850,3,5,1,2018,30,21675508,3394385,933456,1697192,1018315,1188035,254579,1414327,3300096,628590,1571474
17820,3,5,1,2020,30,12442949,1948566,535856,974283,584570,681998,146142,811902,1894439,360846,902114
18930,3,5,1,2020,30,30738852,4813704,1323769,2406852,1444111,1684796,361028,2005710,4679990,891427,2228567
19760,3,5,1,2020,30,31876233,4991818,1372750,2495909,1497545,1747136,374386,2079924,4853156,924411,2311027
13200,3,5,1,2020,30,22750987,3562804,979771,1781402,1068841,1246982,267210,1484502,3463838,659779,1649447
16320,3,5,1,2020,30,27132305,4248919,1168453,2124459,1274676,1487122,318669,1770383,4130893,786837,1967092
12830,3,5,1,2020,30,22226785,3480715,957196,1740357,1044214,1218250,261054,1450298,3384028,644577,1611442
13500,3,5,1,2020,30,23175816,3629333,998067,1814666,1088800,1270266,272200,1512222,3528518,672099,1680247
17050,3,5,1,2020,30,28145422,4407573,1212083,2203787,1322272,1542651,330568,1836489,4285141,816217,2040543
18000,3,5,1,2020,30,29458390,4613184,1268626,2306592,1383955,1614614,345989,1922160,4485040,854293,2135733
8000,3,5,1,2020,30,12000392,1879261,516797,939631,563778,657741,140945,783026,1827060,348011,870028
13435,8,1,1,2021,25,14909732,1867891,513670,933946,560367,653762,140092,778288,1816005,518859,864764
7784,8,1,1,2019,25,7398935,926939,254908,463469,278082,324428,69520,386224,901190,257483,429138
4672,8,1,1,2019,25,4947414,619812,170448,309906,185944,216934,46486,258255,602595,172170,286950
10000,8,1,1,2019,25,8917289,1117158,307218,558579,335147,391005,83787,465483,1086126,310322,517203
9200,8,1,1,2019,25,8323354,1042750,286756,521375,312825,364962,78206,434479,1013784,289653,482755
6320,8,1,1,2019,25,6146488,770032,211759,385016,231010,269511,57752,320847,748642,213898,356496
8264,8,1,1,2019,25,7623116,955024,262632,477512,286507,334258,71627,397927,928495,265284,442141
4200,8,1,1,2019,25,4478861,561112,154306,280556,168333,196389,42083,233797,545525,155864,259774
7563,8,1,1,2019,25,7095751,888956,244463,444478,266687,311134,66672,370398,864262,246932,411554
6450,8,1,1,2019,25,6245314,782413,215164,391206,234724,273845,58681,326005,760679,217337,362228
11200,8,1,1,2019,25,9798803,1227594,337588,613797,368278,429658,92070,511498,1193494,340998,568331
6000,8,1,1,2019,25,5898784,739000,203225,369500,221700,258650,55425,307917,718472,205278,342129
5350,6,1,1,2019,25,5121621,641637,176450,320818,192491,224573,48123,267349,623813,178232,297054
4600,6,1,1,2019,25,4548125,569789,156692,284895,170937,199426,42734,237412,553962,158275,263791
10000,6,1,1,2019,25,8547938,1070886,294494,535443,321266,374810,80316,446202,1041139,297468,495780
8546,6,1,1,2021,25,9424933,1180756,324708,590378,354227,413264,88557,491982,1147957,327988,546646
11260,6,1,1,2021,25,11888085,1489339,409568,744670,446802,521269,111700,620558,1447969,413705,689509
3655,6,1,1,2021,25,4796066,600851,165234,300426,180255,210298,45064,250355,584161,166903,278172
10200,6,1,1,2021,25,10932741,1369654,376655,684827,410896,479379,102724,570689,1331608,380459,634099
5320,6,1,1,2021,25,6414776,803643,221002,401822,241093,281275,60273,334851,781320,223234,372057
7540,6,1,1,2021,25,8499356,1064799,292820,532400,319440,372680,79860,443666,1035222,295778,492963
4900,6,1,1,2021,25,6011237,753088,207099,376544,225926,263581,56482,313787,732169,209191,348652
7652,6,1,1,2021,25,8602144,1077677,296361,538838,323303,377187,80826,449032,1047741,299355,498924
3200,6,1,1,2021,25,4341371,543887,149569,271943,163166,190360,40792,226620,528779,151080,251800
2460,5,1,1,2021,25,3430121,429726,118175,214863,128918,150404,32229,179052,417789,119368,198947
2800,5,1,1,2021,25,3771424,472484,129933,236242,141745,165369,35436,196868,459359,131246,218743
3560,5,1,1,2021,25,4515848,565745,155580,282873,169724,198011,42431,235727,550030,157151,261919
3480,5,1,1,2021,25,4439706,556206,152957,278103,166862,194672,41715,231753,540756,154502,257503
4000,5,1,1,2021,25,4939903,618871,170190,309436,185661,216605,46415,257863,601680,171909,286514
4365,5,1,1,2021,25,5288089,662492,182185,331246,198748,231872,49687,276038,644089,184025,306709
5000,5,1,1,2021,25,5887943,737641,202851,368821,221292,258175,55323,307351,717151,204900,341501
5698,5,1,1,2021,25,6540064,819339,225318,409670,245802,286769,61450,341391,796580,227594,379324
6000,5,1,1,2021,25,6820033,854414,234964,427207,256324,299045,64081,356006,830680,237337,395562
6546,5,1,1,2021,25,7322518,917365,252275,458683,275210,321078,68802,382235,891883,254824,424706
7000,5,1,1,2021,25,7737949,969410,266588,484705,290823,339294,72706,403921,942482,269281,448801
7468,5,1,1,2021,25,8164104,1022799,281270,511399,306840,357980,76710,426166,994388,284111,473518
8200,5,1,1,2021,25,8828462,1106030,304158,553015,331809,387110,82952,460846,1075307,307230,512051
8756,5,1,1,2021,25,9328088,1168623,321371,584311,350587,409018,87647,486926,1136161,324617,541029
9125,5,1,1,2021,25,9659948,1210198,332805,605099,363059,423569,90765,504249,1176582,336166,560277
9438,5,1,1,2021,25,9939478,1245218,342435,622609,373565,435826,93391,518841,1210628,345894,576490
10000,5,1,1,2021,25,10442081,1308184,359751,654092,392455,457864,98114,545077,1271845,363384,605641
10450,5,1,1,2021,25,10841942,1358278,373527,679139,407484,475397,101871,565949,1320549,377300,628833
4000,5,2,1,2019,25,7780692,974765,268060,487383,292430,341168,73107,406152,947688,270768,451280
5230,5,2,1,2019,25,9553670,1196884,329143,598442,359065,418909,89766,498702,1163637,332468,554113
7200,5,2,1,2019,25,12304553,1541514,423916,770757,462454,539530,115614,642298,1498695,428198,713664
8920,5,2,1,2019,25,15334186,1921067,528293,960533,576320,672373,144080,800444,1867704,533630,889383
10230,5,2,1,2019,25,16397090,2054227,564913,1027114,616268,718980,154067,855928,1997166,570619,951031
12600,5,2,1,2019,25,19520503,2445529,672520,1222764,733659,855935,183415,1018970,2377597,679314,1132189
4350,6,2,1,2019,25,8815,1104,304,552,331,387,83,460,1074,307,511
4790,6,2,1,2019,25,9924067,1243287,341904,621644,372986,435150,93247,518036,1208751,345358,575596
5000,6,2,1,2019,25,10248334,1283911,353076,641956,385173,449369,96293,534963,1248247,356642,594403
5943,6,2,1,2019,25,11698546,1465594,403038,732797,439678,512958,109920,610664,1424883,407109,678516
6384,6,2,1,2019,25,12367006,1549338,426068,774669,464802,542268,116200,645558,1506301,430372,717286
7000,6,2,1,2019,25,13289381,1664894,457846,832447,499468,582713,124867,693706,1618647,462470,770784
7943,6,2,1,2019,25,14688310,1840151,506042,920076,552045,644053,138011,766730,1789036,511153,851922
8240,6,2,1,2019,25,15126070,1894994,521123,947497,568498,663248,142125,789581,1842355,526387,877312
9720,6,2,1,2019,25,17274758,2164182,595150,1082091,649255,757464,162314,901742,2104066,601162,1001936
10720,6,2,1,2019,25,18709812,2343965,644590,1171983,703190,820388,175797,976652,2278855,651101,1085169
11000,6,2,1,2019,25,19110794,2394200,658405,1197100,718260,837970,179565,997583,2327695,665056,1108426
11344,6,2,1,2019,25,19598597,2455312,675211,1227656,736594,859359,184148,1023047,2387109,682031,1136719
11500,6,2,1,2019,25,19821912,2483289,682905,1241645,744987,869151,186247,1034704,2414309,689803,1149671
12760,6,2,1,2019,25,21600533,2706115,744182,1353057,811834,947140,202959,1127548,2630945,751699,1252831
13580,6,2,1,2019,25,22760011,2851374,784128,1425687,855412,997981,213853,1188073,2772169,792048,1320081
5204,5,3,1,2018,25,9501584,1190358,327349,595179,357108,416625,89277,495983,1157293,330655,551092
6520,5,3,1,2018,25,11281135,1413301,388658,706650,423990,494655,105998,588875,1374042,392583,654306
7843,5,3,1,2018,25,13026661,1631980,448795,815990,489594,571193,122399,679992,1586647,453328,755546
8100,5,3,1,2018,25,13357577,1673437,460195,836719,502031,585703,125508,697266,1626953,464844,774739
9000,5,3,1,2018,25,14520164,1819086,500249,909543,545726,636680,136431,757953,1768556,505302,842170
14000,5,3,1,2018,25,20784030,2603823,716051,1301912,781147,911338,195287,1084926,2531495,723284,1205474
9900,5,3,1,2018,25,15670454,1963194,539878,981597,588958,687118,147240,817998,1908661,545332,908886
10540,5,3,1,2018,25,16482751,2064959,567864,1032480,619488,722736,154872,860400,2007599,573600,956000
11000,5,3,1,2020,25,21936582,2748215,755759,1374107,824464,961875,206116,1145090,2671876,763393,1272322
11560,5,3,1,2020,25,22835893,2860881,786742,1430440,858264,1001308,214566,1192034,2781412,794689,1324482
13000,5,3,1,2020,25,25141131,3149681,866162,1574840,944904,1102388,236226,1312367,3062190,874911,1458186
20150,5,3,1,2020,25,23370996,2927918,805178,1463959,878376,1024771,219594,1219966,2846587,813311,1355518
25000,5,3,1,2020,25,28110655,3521703,968468,1760851,1056511,1232596,264128,1467376,3423878,978251,1630418
27400,5,3,1,2020,25,30429195,3812170,1048347,1906085,1143651,1334259,285913,1588404,3706276,1058936,1764893
32000,5,3,1,2020,25,34839378,4364677,1200286,2182339,1309403,1527637,327351,1818616,4243436,1212410,2020684
38388,5,3,1,2020,25,40891065,5122833,1408779,2561416,1536850,1792991,384212,2134514,4980532,1423009,2371682
34280,5,3,1,2020,25,37007453,4636294,1274981,2318147,1390888,1622703,347722,1931789,4507508,1287859,2146432
33600,5,3,1,2020,25,36362426,4555485,1252758,2277742,1366645,1594420,341661,1898119,4428943,1265412,2109021
40000,5,3,1,2020,25,42410461,5313183,1461125,2656591,1593955,1859614,398489,2213826,5165594,1475884,2459807
37000,5,3,1,2020,25,39581071,4958717,1363647,2479358,1487615,1735551,371904,2066132,4820974,1377421,2295702
36000,5,3,1,2020,25,38636808,4840419,1331115,2420210,1452126,1694147,363031,2016841,4705963,1344561,2240935
7000,3,5,1,2018,25,10650572,1334304,366934,667152,400291,467006,100073,555960,1297240,370640,617733
9400,3,5,1,2018,25,13437473,1683447,462948,841723,505034,589206,126258,701436,1636684,467624,779373
10720,3,5,1,2018,25,15708953,1968018,541205,984009,590405,688806,147601,820007,1913351,546672,911119
14300,3,5,1,2018,25,18905540,2368486,651334,1184243,710546,828970,177636,986869,2302695,657913,1096521
15000,3,5,1,2018,25,19666717,2463846,677558,1231923,739154,862346,184788,1026603,2395406,684402,1140670
15820,3,5,1,2018,25,20560782,2575855,708360,1287927,772756,901549,193189,1073273,2504303,715515,1192525
16100,3,5,1,2018,25,20862326,2613632,718749,1306816,784090,914771,196022,1089013,2541031,726009,1210015
16850,3,5,1,2018,25,21675508,2715508,746765,1357754,814652,950428,203663,1131462,2640077,754308,1257179
17820,3,5,1,2020,25,12442949,1558853,428684,779426,467656,545598,116914,649522,1515551,433015,721691
18930,3,5,1,2020,25,30738852,3850963,1059015,1925482,1155289,1347837,288822,1604568,3743992,1069712,1782853
19760,3,5,1,2020,25,31876233,3993454,1098200,1996727,1198036,1397709,299509,1663939,3882525,1109293,1848822
13200,3,5,1,2020,25,22750987,2850244,783817,1425122,855073,997585,213768,1187601,2771070,791734,1319557
16320,3,5,1,2020,25,27132305,3399135,934762,1699568,1019741,1189697,254935,1416306,3304715,944204,1573674
12830,3,5,1,2020,25,22226785,2784572,765757,1392286,835371,974600,208843,1160238,2707222,773492,1289154
13500,3,5,1,2020,25,23175816,2903466,798453,1451733,871040,1016213,217760,1209778,2822814,806518,1344197
17050,3,5,1,2020,25,28145422,3526058,969666,1763029,1057818,1234120,264454,1469191,3428112,979461,1632434
18000,3,5,1,2020,25,29458390,3690547,1014900,1845274,1107164,1291691,276791,1537728,3588032,1025152,1708587
8000,3,5,1,2020,25,12000392,1503409,413437,751705,451023,526193,112756,626420,1461648,417614,696023
13435,8,1,1,2021,20,14909732,1400918,385253,700459,420276,490321,105069,583716,1362004,605335,648573
7784,8,1,1,2019,20,7398935,695204,191181,347602,208561,243321,52140,289668,675893,300397,321854
4672,8,1,1,2019,20,4947414,464859,127836,232429,139458,162701,34864,193691,451946,200865,215212
10000,8,1,1,2019,20,8917289,837869,230414,418934,251361,293254,62840,349112,814594,362042,387902
9200,8,1,1,2019,20,8323354,782062,215067,391031,234619,273722,58655,325859,760338,337928,362066
6320,8,1,1,2019,20,6146488,577524,158819,288762,173257,202133,43314,240635,561482,249547,267372
8264,8,1,1,2019,20,7623116,716268,196974,358134,214880,250694,53720,298445,696372,309498,331606
4200,8,1,1,2019,20,4478861,420834,115729,210417,126250,147292,31563,175347,409144,181842,194830
7563,8,1,1,2019,20,7095751,666717,183347,333358,200015,233351,50004,277799,648197,288087,308665
6450,8,1,1,2019,20,6245314,586810,161373,293405,176043,205383,44011,244504,570509,253560,271671
11200,8,1,1,2019,20,9798803,920696,253191,460348,276209,322243,69052,383623,895121,397831,426248
6000,8,1,1,2019,20,5898784,554250,152419,277125,166275,193987,41569,230937,538854,239491,256597
5350,6,1,1,2019,20,5121621,481227,132338,240614,144368,168430,36092,200511,467860,207938,222791
4600,6,1,1,2019,20,4548125,427342,117519,213671,128203,149570,32051,178059,415471,184654,197843
10000,6,1,1,2019,20,8547938,803164,220870,401582,240949,281108,60237,334652,780854,347046,371835
8546,6,1,1,2021,20,9424933,885567,243531,442783,265670,309948,66418,368986,860968,382652,409985
11260,6,1,1,2021,20,11888085,1117004,307176,558502,335101,390952,83775,465419,1085977,482656,517132
3655,6,1,1,2021,20,4796066,450638,123926,225319,135192,157723,33798,187766,438121,194720,208629
10200,6,1,1,2021,20,10932741,1027240,282491,513620,308172,359534,77043,428017,998706,443869,475574
5320,6,1,1,2021,20,6414776,602732,165751,301366,180820,210956,45205,251138,585990,260440,279043
7540,6,1,1,2021,20,8499356,798600,219615,399300,239580,279510,59895,332750,776416,345074,369722
4900,6,1,1,2021,20,6011237,564816,155324,282408,169445,197686,42361,235340,549126,244056,261489
7652,6,1,1,2021,20,8602144,808257,222271,404129,242477,282890,60619,336774,785806,349247,374193
3200,6,1,1,2021,20,4341371,407915,112177,203958,122375,142770,30594,169965,396584,176260,188850
2460,5,1,1,2021,20,3430121,322294,88631,161147,96688,112803,24172,134289,313342,139263,149210
2800,5,1,1,2021,20,3771424,354363,97450,177181,106309,124027,26577,147651,344520,153120,164057
3560,5,1,1,2021,20,4515848,424309,116685,212155,127293,148508,31823,176795,412523,183343,196439
3480,5,1,1,2021,20,4439706,417155,114718,208577,125146,146004,31287,173814,405567,180252,193127
4000,5,1,1,2021,20,4939903,464153,127642,232077,139246,162454,34811,193397,451260,200560,214886
4365,5,1,1,2021,20,5288089,496869,136639,248434,149061,173904,37265,207029,483067,214696,230032
5000,5,1,1,2021,20,5887943,553231,152139,276616,165969,193631,41492,230513,537864,239050,256125
5698,5,1,1,2021,20,6540064,614504,168989,307252,184351,215077,46088,256043,597435,265527,284493
6000,5,1,1,2021,20,6820033,640810,176223,320405,192243,224284,48061,267004,623010,276893,296671
6546,5,1,1,2021,20,7322518,688024,189207,344012,206407,240808,51602,286677,668912,297294,318530
7000,5,1,1,2021,20,7737949,727058,199941,363529,218117,254470,54529,302941,706862,314161,336601
7468,5,1,1,2021,20,8164104,767099,210952,383550,230130,268485,57532,319625,745791,331463,355139
8200,5,1,1,2021,20,8828462,829522,228119,414761,248857,290333,62214,345634,806480,358436,384038
8756,5,1,1,2021,20,9328088,876467,241028,438234,262940,306763,65735,365195,852121,378720,405772
9125,5,1,1,2021,20,9659948,907649,249603,453824,272295,317677,68074,378187,882436,392194,420208
9438,5,1,1,2021,20,9939478,933913,256826,466957,280174,326870,70044,389131,907971,403543,432367
10000,5,1,1,2021,20,10442081,981138,269813,490569,294341,343398,73585,408807,953884,423948,454231
10450,5,1,1,2021,20,10841942,1018709,280145,509354,305613,356548,76403,424462,990411,440183,471624
4000,5,2,1,2019,20,7780692,731074,201045,365537,219322,255876,54831,304614,710766,315896,338460
5230,5,2,1,2019,20,9553670,897663,246857,448831,269299,314182,67325,374026,872728,387879,415585
7200,5,2,1,2019,20,12304553,1156136,317937,578068,346841,404648,86710,481723,1124021,499565,535248
8920,5,2,1,2019,20,15334186,1440800,396220,720400,432240,504280,108060,600333,1400778,622568,667037
10230,5,2,1,2019,20,16397090,1540671,423684,770335,462201,539235,115550,641946,1497874,665722,713273
12600,5,2,1,2019,20,19520503,1834146,504390,917073,550244,641951,137561,764228,1783198,792532,849142
4350,6,2,1,2019,20,8815,828,228,414,248,290,62,345,805,358,383
4790,6,2,1,2019,20,9924067,932465,256428,466233,279740,326363,69935,388527,906564,402917,431697
5000,6,2,1,2019,20,10248334,962933,264807,481467,288880,337027,72220,401222,936185,416082,445803
5943,6,2,1,2019,20,11698546,1099195,302279,549598,329759,384718,82440,457998,1068662,474961,508887
6384,6,2,1,2019,20,12367006,1162004,319551,581002,348601,406701,87150,484168,1129726,502100,537965
7000,6,2,1,2019,20,13289381,1248670,343384,624335,374601,437035,93650,520279,1213985,539549,578088
7943,6,2,1,2019,20,14688310,1380114,379531,690057,414034,483040,103509,575047,1341777,596345,638941
8240,6,2,1,2019,20,15126070,1421245,390843,710623,426374,497436,106593,592186,1381766,614118,657984
9720,6,2,1,2019,20,17274758,1623136,446362,811568,486941,568098,121735,676307,1578049,701355,751452
10720,6,2,1,2019,20,18709812,1757974,483443,878987,527392,615291,131848,732489,1709141,759618,813877
11000,6,2,1,2019,20,19110794,1795650,493804,897825,538695,628478,134674,748188,1745771,775898,831320
11344,6,2,1,2019,20,19598597,1841484,506408,920742,552445,644519,138111,767285,1790332,795703,852539
11500,6,2,1,2019,20,19821912,1862467,512178,931233,558740,651863,139685,776028,1810732,804770,862253
12760,6,2,1,2019,20,21600533,2029586,558136,1014793,608876,710355,152219,845661,1973209,876982,939623
13580,6,2,1,2019,20,22760011,2138531,588096,1069265,641559,748486,160390,891054,2079127,924056,990060
5204,5,3,1,2018,20,9501584,892769,245511,446384,267831,312469,66958,371987,867970,385764,413319
6520,5,3,1,2018,20,11281135,1059975,291493,529988,317993,370991,79498,441656,1030532,458014,490729
7843,5,3,1,2018,20,13026661,1223985,336596,611993,367196,428395,91799,509994,1189986,528882,566660
8100,5,3,1,2018,20,13357577,1255078,345146,627539,376523,439277,94131,522949,1220215,542318,581055
9000,5,3,1,2018,20,14520164,1364315,375187,682157,409294,477510,102324,568464,1326417,589519,631627
14000,5,3,1,2018,20,20784030,1952867,537039,976434,585860,683504,146465,813695,1898621,843832,904105
9900,5,3,1,2018,20,15670454,1472396,404909,736198,441719,515339,110430,613498,1431496,636220,681665
10540,5,3,1,2018,20,16482751,1548719,425898,774360,464616,542052,116154,645300,1505699,669200,717000
11000,5,3,1,2020,20,21936582,2061161,566819,1030581,618348,721406,154587,858817,2003907,890625,954241
11560,5,3,1,2020,20,22835893,2145660,590057,1072830,643698,750981,160925,894025,2086059,927137,993361
13000,5,3,1,2020,20,25141131,2362261,649622,1181130,708678,826791,177170,984275,2296642,1020730,1093639
20150,5,3,1,2020,20,23370996,2195939,603883,1097969,658782,768579,164695,914975,2134941,948862,1016638
25000,5,3,1,2020,20,28110655,2641277,726351,1320639,792383,924447,198096,1100532,2567908,1141293,1222814
27400,5,3,1,2020,20,30429195,2859127,786260,1429564,857738,1000695,214435,1191303,2779707,1235425,1323670
32000,5,3,1,2020,20,34839378,3273508,900215,1636754,982052,1145728,245513,1363962,3182577,1414479,1515513
38388,5,3,1,2020,20,40891065,3842124,1056584,1921062,1152637,1344744,288159,1600885,3735399,1660177,1778761
34280,5,3,1,2020,20,37007453,3477220,956236,1738610,1043166,1217027,260792,1448842,3380631,1502503,1609824
33600,5,3,1,2020,20,36362426,3416614,939569,1708307,1024984,1195815,256246,1423589,3321708,1476314,1581766
40000,5,3,1,2020,20,42410461,3984887,1095844,1992443,1195466,1394710,298867,1660370,3874196,1721865,1844855
37000,5,3,1,2020,20,39581071,3719037,1022735,1859519,1115711,1301663,278928,1549599,3615731,1606991,1721777
36000,5,3,1,2020,20,38636808,3630314,998336,1815157,1089094,1270610,272274,1512631,3529472,1568654,1680701
7000,3,5,1,2018,20,10650572,1000728,275200,500364,300218,350255,75055,416970,972930,432413,463300
9400,3,5,1,2018,20,13437473,1262585,347211,631292,378775,441905,94694,526077,1227513,545561,584530
10720,3,5,1,2018,20,15708953,1476013,405904,738007,442804,516605,110701,615006,1435013,637784,683339
14300,3,5,1,2018,20,18905540,1776365,488500,888182,532909,621728,133227,740152,1727021,767565,822391
15000,3,5,1,2018,20,19666717,1847885,508168,923942,554365,646760,138591,769952,1796555,798469,855502
15820,3,5,1,2018,20,20560782,1931891,531270,965946,579567,676162,144892,804955,1878227,834768,894394
16100,3,5,1,2018,20,20862326,1960224,539062,980112,588067,686078,147017,816760,1905773,847010,907511
16850,3,5,1,2018,20,21675508,2036631,560073,1018315,610989,712821,152747,848596,1980058,880026,942885
17820,3,5,1,2020,20,12442949,1169139,321513,584570,350742,409199,87685,487141,1136663,505184,541268
18930,3,5,1,2020,20,30738852,2888223,794261,1444111,866467,1010878,216617,1203426,2807994,1247997,1337140
19760,3,5,1,2020,20,31876233,2995091,823650,1497545,898527,1048282,224632,1247955,2911894,1294175,1386616
13200,3,5,1,2020,20,22750987,2137683,587863,1068841,641305,748189,160326,890701,2078303,923690,989668
16320,3,5,1,2020,20,27132305,2549351,701072,1274676,764805,892273,191201,1062230,2478536,1101572,1180255
12830,3,5,1,2020,20,22226785,2088429,574318,1044214,626529,730950,156632,870179,2030417,902407,966865
13500,3,5,1,2020,20,23175816,2177600,598840,1088800,653280,762160,163320,907333,2117111,940938,1008148
17050,3,5,1,2020,20,28145422,2644544,727250,1322272,793363,925590,198341,1101893,2571084,1142704,1224326
18000,3,5,1,2020,20,29458390,2767910,761175,1383955,830373,968769,207593,1153296,2691024,1196011,1281440
8000,3,5,1,2020,20,12000392,1127557,310078,563778,338267,394645,84567,469815,1096236,487216,522017
13435,8,1,1,2021,35,14909732,2801837,770505,1400918,840551,980643,210138,1167432,2724008,345906,1297147
7784,8,1,1,2019,35,7398935,1390408,382362,695204,417122,486643,104281,579337,1351785,171655,643707
4672,8,1,1,2019,35,4947414,929718,255672,464859,278915,325401,69729,387382,903892,114780,430425
10000,8,1,1,2019,35,8917289,1675737,460828,837869,502721,586508,125680,698224,1629189,206881,775804
9200,8,1,1,2019,35,8323354,1564125,430134,782062,469237,547444,117309,651719,1520677,193102,724132
6320,8,1,1,2019,35,6146488,1155048,317638,577524,346514,404267,86629,481270,1122963,142599,534744
8264,8,1,1,2019,35,7623116,1432536,393947,716268,429761,501388,107440,596890,1392743,176856,663211
4200,8,1,1,2019,35,4478861,841667,231459,420834,252500,294584,63125,350695,818288,103910,389661
7563,8,1,1,2019,35,7095751,1333433,366694,666717,400030,466702,100008,555597,1296394,164621,617330
6450,8,1,1,2019,35,6245314,1173619,322745,586810,352086,410767,88021,489008,1141019,144891,543342
11200,8,1,1,2019,35,9798803,1841391,506383,920696,552417,644487,138104,767246,1790241,227332,852496
6000,8,1,1,2019,35,5898784,1108500,304837,554250,332550,387975,83137,461875,1077708,136852,513194
5350,6,1,1,2019,35,5121621,962455,264675,481227,288736,336859,72184,401023,935720,118822,445581
4600,6,1,1,2019,35,4548125,854684,235038,427342,256405,299139,64101,356118,830942,105517,395687
10000,6,1,1,2019,35,8547938,1606329,441740,803164,481899,562215,120475,669304,1561708,198312,743671
8546,6,1,1,2021,35,9424933,1771133,487062,885567,531340,619897,132835,737972,1721935,218658,819969
11260,6,1,1,2021,35,11888085,2234009,614352,1117004,670203,781903,167551,930837,2171953,275804,1034263
3655,6,1,1,2021,35,4796066,901277,247851,450638,270383,315447,67596,375532,876241,111269,417258
10200,6,1,1,2021,35,10932741,2054481,564982,1027240,616344,719068,154086,856034,1997412,253640,951148
5320,6,1,1,2021,35,6414776,1205465,331503,602732,361639,421913,90410,502277,1171980,148823,558086
7540,6,1,1,2021,35,8499356,1597199,439230,798600,479160,559020,119790,665500,1552832,197185,739444
4900,6,1,1,2021,35,6011237,1129632,310649,564816,338889,395371,84722,470680,1098253,139461,522978
7652,6,1,1,2021,35,8602144,1616515,444542,808257,484954,565780,121239,673548,1571612,199570,748387
3200,6,1,1,2021,35,4341371,815830,224353,407915,244749,285541,61187,339929,793169,100720,377699
2460,5,1,1,2021,35,3430121,644588,177262,322294,193377,225606,48344,268578,626683,79579,298421
2800,5,1,1,2021,35,3771424,708726,194900,354363,212618,248054,53154,295302,689039,87497,328114
3560,5,1,1,2021,35,4515848,848618,233370,424309,254585,297016,63646,353591,825045,104768,392879
3480,5,1,1,2021,35,4439706,834309,229435,417155,250293,292008,62573,347629,811134,103001,386254
4000,5,1,1,2021,35,4939903,928307,255284,464153,278492,324907,69623,386794,902520,114606,429772
4365,5,1,1,2021,35,5288089,993738,273278,496869,298121,347808,74530,414057,966134,122684,460064
5000,5,1,1,2021,35,5887943,1106462,304277,553231,331939,387262,82985,461026,1075727,136600,512251
5698,5,1,1,2021,35,6540064,1229009,337977,614504,368703,430153,92176,512087,1194870,151729,568986
6000,5,1,1,2021,35,6820033,1281621,352446,640810,384486,448567,96122,534009,1246020,158225,593343
6546,5,1,1,2021,35,7322518,1376048,378413,688024,412814,481617,103204,573353,1337824,169882,637059
7000,5,1,1,2021,35,7737949,1454115,399882,727058,436235,508940,109059,605881,1413723,179520,673202
7468,5,1,1,2021,35,8164104,1534198,421905,767099,460260,536969,115065,639249,1491582,189407,710277
8200,5,1,1,2021,35,8828462,1659045,456237,829522,497713,580666,124428,691269,1612960,204820,768076
8756,5,1,1,2021,35,9328088,1752934,482057,876467,525880,613527,131470,730389,1704242,216412,811544
9125,5,1,1,2021,35,9659948,1815297,499207,907649,544589,635354,136147,756374,1764872,224111,840415
9438,5,1,1,2021,35,9939478,1867827,513652,933913,560348,653739,140087,778261,1815943,230596,864735
10000,5,1,1,2021,35,10442081,1962276,539626,981138,588683,686797,147171,817615,1907768,242256,908461
10450,5,1,1,2021,35,10841942,2037418,560290,1018709,611225,713096,152806,848924,1980823,251533,943249
4000,5,2,1,2019,35,7780692,1462148,402091,731074,438644,511752,109661,609228,1421532,180512,676920
5230,5,2,1,2019,35,9553670,1795326,493715,897663,538598,628364,134649,748052,1745456,221645,831169
7200,5,2,1,2019,35,12304553,2312272,635875,1156136,693681,809295,173420,963446,2248042,285466,1070496
8920,5,2,1,2019,35,15334186,2881600,792440,1440800,864480,1008560,216120,1200667,2801556,355753,1334074
10230,5,2,1,2019,35,16397090,3081341,847369,1540671,924402,1078469,231101,1283892,2995748,380412,1426547
12600,5,2,1,2019,35,19520503,3668293,1008781,1834146,1100488,1283903,275122,1528455,3566396,452876,1698284
4350,6,2,1,2019,35,8815,1657,456,828,497,580,124,690,1611,205,767
4790,6,2,1,2019,35,9924067,1864931,512856,932465,559479,652726,139870,777054,1813127,230238,863394
5000,6,2,1,2019,35,10248334,1925867,529613,962933,577760,674053,144440,802445,1872371,237761,891605
5943,6,2,1,2019,35,11698546,2198391,604557,1099195,659517,769437,164879,915996,2137324,271406,1017773
6384,6,2,1,2019,35,12367006,2324008,639102,1162004,697202,813403,174301,968337,2259452,286915,1075929
7000,6,2,1,2019,35,13289381,2497340,686769,1248670,749202,874069,187301,1040559,2427970,308314,1156176
7943,6,2,1,2019,35,14688310,2760227,759062,1380114,828068,966079,207017,1150095,2683554,340769,1277883
8240,6,2,1,2019,35,15126070,2842491,781685,1421245,852747,994872,213187,1184371,2763533,350925,1315968
9720,6,2,1,2019,35,17274758,3246273,892725,1623136,973882,1136195,243470,1352614,3156098,400774,1502904
10720,6,2,1,2019,35,18709812,3515948,966886,1757974,1054784,1230582,263696,1464978,3418283,434068,1627754
11000,6,2,1,2019,35,19110794,3591300,987608,1795650,1077390,1256955,269348,1496375,3491542,443370,1662639
11344,6,2,1,2019,35,19598597,3682968,1012816,1841484,1104890,1289039,276223,1534570,3580664,454687,1705078
11500,6,2,1,2019,35,19821912,3724934,1024357,1862467,1117480,1303727,279370,1552056,3621463,459868,1724506
12760,6,2,1,2019,35,21600533,4059172,1116272,2029586,1217752,1420710,304438,1691322,3946417,501132,1879246
13580,6,2,1,2019,35,22760011,4277061,1176192,2138531,1283118,1496971,320780,1782109,4158254,528032,1980121
5204,5,3,1,2018,35,9501584,1785538,491023,892769,535661,624938,133915,743974,1735939,220437,826638
6520,5,3,1,2018,35,11281135,2119951,582986,1059975,635985,741983,158996,883313,2061063,261722,981459
7843,5,3,1,2018,35,13026661,2447970,673192,1223985,734391,856790,183598,1019988,2379971,302219,1133320
8100,5,3,1,2018,35,13357577,2510156,690293,1255078,753047,878555,188262,1045898,2440429,309896,1162109
9000,5,3,1,2018,35,14520164,2728629,750373,1364315,818589,955020,204647,1136929,2652834,336868,1263254
14000,5,3,1,2018,35,20784030,3905735,1074077,1952867,1171720,1367007,292930,1627390,3797242,482189,1808211
9900,5,3,1,2018,35,15670454,2944792,809818,1472396,883438,1030677,220859,1226997,2862992,363555,1363330
10540,5,3,1,2018,35,16482751,3097439,851796,1548719,929232,1084103,232308,1290599,3011399,382400,1433999
11000,5,3,1,2020,35,21936582,4122322,1133639,2061161,1236697,1442813,309174,1717634,4007814,508929,1908483
11560,5,3,1,2020,35,22835893,4291321,1180113,2145660,1287396,1501962,321849,1788050,4172118,529793,1986723
13000,5,3,1,2020,35,25141131,4724521,1299243,2362261,1417356,1653582,354339,1968551,4593285,583274,2187278
20150,5,3,1,2020,35,23370996,4391878,1207766,2195939,1317563,1537157,329391,1829949,4269881,542207,2033277
25000,5,3,1,2020,35,28110655,5282554,1452702,2641277,1584766,1848894,396192,2201064,5135817,652167,2445627
27400,5,3,1,2020,35,30429195,5718254,1572520,2859127,1715476,2001389,428869,2382606,5559414,705957,2647340
32000,5,3,1,2020,35,34839378,6547016,1800429,3273508,1964105,2291456,491026,2727923,6365154,808274,3031026
38388,5,3,1,2020,35,40891065,7684249,2113168,3842124,2305275,2689487,576319,3201770,7470798,948673,3557523
34280,5,3,1,2020,35,37007453,6954441,1912471,3477220,2086332,2434054,521583,2897684,6761262,858573,3219648
33600,5,3,1,2020,35,36362426,6833227,1879137,3416614,2049968,2391629,512492,2847178,6643415,843608,3163531
40000,5,3,1,2020,35,42410461,7969774,2191688,3984887,2390932,2789421,597733,3320739,7748391,983923,3689710
37000,5,3,1,2020,35,39581071,7438075,2045471,3719037,2231422,2603326,557856,3099198,7231462,918281,3443553
36000,5,3,1,2020,35,38636808,7260629,1996673,3630314,2178189,2541220,544547,3025262,7058945,896374,3361402
7000,3,5,1,2018,35,10650572,2001455,550400,1000728,600437,700509,150109,833940,1945859,247093,926600
9400,3,5,1,2018,35,13437473,2525170,694422,1262585,757551,883809,189388,1052154,2455026,311749,1169060
10720,3,5,1,2018,35,15708953,2952026,811807,1476013,885608,1033209,221402,1230011,2870026,364448,1366679
14300,3,5,1,2018,35,18905540,3552729,977001,1776365,1065819,1243455,266455,1480304,3454042,438609,1644782
15000,3,5,1,2018,35,19666717,3695770,1016337,1847885,1108731,1293519,277183,1539904,3593109,456268,1711004
15820,3,5,1,2018,35,20560782,3863782,1062540,1931891,1159135,1352324,289784,1609909,3756455,477010,1788788
16100,3,5,1,2018,35,20862326,3920448,1078123,1960224,1176134,1372157,294034,1633520,3811547,484006,1815022
16850,3,5,1,2018,35,21675508,4073261,1120147,2036631,1221978,1425642,305495,1697192,3960115,502872,1885769
17820,3,5,1,2020,35,12442949,2338279,643027,1169139,701484,818398,175371,974283,2273327,288676,1082537
18930,3,5,1,2020,35,30738852,5776445,1588522,2888223,1732934,2021756,433233,2406852,5615988,713141,2674280
19760,3,5,1,2020,35,31876233,5990182,1647300,2995091,1797055,2096564,449264,2495909,5823788,739529,2773232
13200,3,5,1,2020,35,22750987,4275365,1175725,2137683,1282610,1496378,320652,1781402,4156605,527823,1979336
16320,3,5,1,2020,35,27132305,5098703,1402143,2549351,1529611,1784546,382403,2124459,4957072,629469,2360511
12830,3,5,1,2020,35,22226785,4176857,1148636,2088429,1253057,1461900,313264,1740357,4060834,515661,1933730
13500,3,5,1,2020,35,23175816,4355199,1197680,2177600,1306560,1524320,326640,1814666,4234222,537679,2016296
17050,3,5,1,2020,35,28145422,5289088,1454499,2644544,1586726,1851181,396682,2203787,5142169,652974,2448652
18000,3,5,1,2020,35,29458390,5535821,1522351,2767910,1660746,1937537,415187,2306592,5382048,683435,2562880
8000,3,5,1,2020,35,12000392,2255114,620156,1127557,676534,789290,169134,939631,2192472,278409,1044034
13435,8,1,1,2021,40,14909732,3268810,898923,1634405,980643,1144083,245161,1362004,3178009,259429,1513338
7784,8,1,1,2019,40,7398935,1622142,446089,811071,486643,567750,121661,675893,1577083,128741,750992
4672,8,1,1,2019,40,4947414,1084671,298285,542335,325401,379635,81350,451946,1054541,86085,502162
10000,8,1,1,2019,40,8917289,1955027,537632,977513,586508,684259,146627,814594,1900720,155161,905105
9200,8,1,1,2019,40,8323354,1824812,501823,912406,547444,638684,136861,760338,1774123,144826,844820
6320,8,1,1,2019,40,6146488,1347556,370578,673778,404267,471645,101067,561482,1310124,106949,623869
8264,8,1,1,2019,40,7623116,1671292,459605,835646,501388,584952,125347,696372,1624867,132642,773746
4200,8,1,1,2019,40,4478861,981945,270035,490973,294584,343681,73646,409144,954669,77932,454604
7563,8,1,1,2019,40,7095751,1555672,427810,777836,466702,544485,116675,648197,1512459,123466,720219
6450,8,1,1,2019,40,6245314,1369223,376536,684611,410767,479228,102692,570509,1331189,108668,633899
11200,8,1,1,2019,40,9798803,2148290,590780,1074145,644487,751901,161122,895121,2088615,170499,994579
6000,8,1,1,2019,40,5898784,1293249,355644,646625,387975,452637,96994,538854,1257326,102639,598727
5350,6,1,1,2019,40,5121621,1122864,308788,561432,336859,393002,84215,467860,1091673,89116,519845
4600,6,1,1,2019,40,4548125,997131,274211,498565,299139,348996,74785,415471,969433,79137,461635
10000,6,1,1,2019,40,8547938,1874050,515364,937025,562215,655918,140554,780854,1821993,148734,867616
8546,6,1,1,2021,40,9424933,2066322,568239,1033161,619897,723213,154974,860968,2008924,163994,956631
11260,6,1,1,2021,40,11888085,2606344,716745,1303172,781903,912220,195476,1085977,2533945,206853,1206641
3655,6,1,1,2021,40,4796066,1051490,289160,525745,315447,368021,78862,438121,1022282,83452,486801
10200,6,1,1,2021,40,10932741,2396894,659146,1198447,719068,838913,179767,998706,2330314,190230,1109673
5320,6,1,1,2021,40,6414776,1406376,386753,703188,421913,492231,105478,585990,1367310,111617,651100
7540,6,1,1,2021,40,8499356,1863399,512435,931699,559020,652190,139755,776416,1811638,147889,862685
4900,6,1,1,2021,40,6011237,1317904,362423,658952,395371,461266,98843,549126,1281295,104596,610141
7652,6,1,1,2021,40,8602144,1885934,518632,942967,565780,660077,141445,785806,1833547,149677,873118
3200,6,1,1,2021,40,4341371,951802,261746,475901,285541,333131,71385,396584,925363,75540,440649
2460,5,1,1,2021,40,3430121,752020,206805,376010,225606,263207,56401,313342,731130,59684,348157
2800,5,1,1,2021,40,3771424,826847,227383,413423,248054,289396,62014,344520,803879,65623,382800
3560,5,1,1,2021,40,4515848,990054,272265,495027,297016,346519,74254,412523,962553,78576,458359
3480,5,1,1,2021,40,4439706,973361,267674,486681,292008,340676,73002,405567,946323,77251,450630
4000,5,1,1,2021,40,4939903,1083024,297832,541512,324907,379059,81227,451260,1052940,85954,501400
4365,5,1,1,2021,40,5288089,1159361,318824,579680,347808,405776,86952,483067,1127156,92013,536741
5000,5,1,1,2021,40,5887943,1290873,354990,645436,387262,451805,96815,537864,1255015,102450,597626
5698,5,1,1,2021,40,6540064,1433844,394307,716922,430153,501845,107538,597435,1394015,113797,663816
6000,5,1,1,2021,40,6820033,1495224,411187,747612,448567,523328,112142,623010,1453690,118669,692233
6546,5,1,1,2021,40,7322518,1605389,441482,802694,481617,561886,120404,668912,1560795,127412,743236
7000,5,1,1,2021,40,7737949,1696468,466529,848234,508940,593764,127235,706862,1649344,134640,785402
7468,5,1,1,2021,40,8164104,1789898,492222,894949,536969,626464,134242,745791,1740179,142055,828657
8200,5,1,1,2021,40,8828462,1935552,532277,967776,580666,677443,145166,806480,1881787,153615,896089
8756,5,1,1,2021,40,9328088,2045090,562400,1022545,613527,715781,153382,852121,1988282,162309,946801
9125,5,1,1,2021,40,9659948,2117847,582408,1058923,635354,741246,158839,882436,2059018,168083,980485
9438,5,1,1,2021,40,9939478,2179131,599261,1089566,653739,762696,163435,907971,2118600,172947,1008857
10000,5,1,1,2021,40,10442081,2289322,629564,1144661,686797,801263,171699,953884,2225730,181692,1059871
10450,5,1,1,2021,40,10841942,2376987,653672,1188494,713096,831946,178274,990411,2310960,188650,1100457
4000,5,2,1,2019,40,7780692,1705839,469106,852919,511752,597044,127938,710766,1658454,135384,789740
5230,5,2,1,2019,40,9553670,2094547,576000,1047273,628364,733091,157091,872728,2036365,166234,969698
7200,5,2,1,2019,40,12304553,2697650,741854,1348825,809295,944178,202324,1124021,2622715,214099,1248912
8920,5,2,1,2019,40,15334186,3361867,924513,1680933,1008560,1176653,252140,1400778,3268482,266815,1556420
10230,5,2,1,2019,40,16397090,3594898,988597,1797449,1078469,1258214,269617,1497874,3495040,285309,1664305
12600,5,2,1,2019,40,19520503,4279675,1176911,2139838,1283903,1497886,320976,1783198,4160795,339657,1981331
4350,6,2,1,2019,40,8815,1933,531,966,580,676,145,805,1879,153,895
4790,6,2,1,2019,40,9924067,2175752,598332,1087876,652726,761513,163181,906564,2115315,172679,1007293
5000,6,2,1,2019,40,10248334,2246845,617882,1123422,674053,786396,168513,936185,2184432,178321,1040206
5943,6,2,1,2019,40,11698546,2564789,705317,1282395,769437,897676,192359,1068662,2493545,203555,1187402
6384,6,2,1,2019,40,12367006,2711342,745619,1355671,813403,948970,203351,1129726,2636027,215186,1255251
7000,6,2,1,2019,40,13289381,2913564,801230,1456782,874069,1019747,218517,1213985,2832632,231235,1348872
7943,6,2,1,2019,40,14688310,3220265,885573,1610132,966079,1127093,241520,1341777,3130813,255577,1490863
8240,6,2,1,2019,40,15126070,3316239,911966,1658120,994872,1160684,248718,1381766,3224122,263194,1535296
9720,6,2,1,2019,40,17274758,3787318,1041512,1893659,1136195,1325561,284049,1578049,3682115,300581,1753388
10720,6,2,1,2019,40,18709812,4101939,1128033,2050970,1230582,1435679,307645,1709141,3987996,325551,1899046
11000,6,2,1,2019,40,19110794,4189851,1152209,2094925,1256955,1466448,314239,1745771,4073466,332528,1939746
11344,6,2,1,2019,40,19598597,4296796,1181619,2148398,1289039,1503879,322260,1790332,4177441,341016,1989258
11500,6,2,1,2019,40,19821912,4345756,1195083,2172878,1303727,1521015,325932,1810732,4225041,344901,2011924
12760,6,2,1,2019,40,21600533,4735701,1302318,2367850,1420710,1657495,355178,1973209,4604154,375849,2192454
13580,6,2,1,2019,40,22760011,4989905,1372224,2494952,1496971,1746467,374243,2079127,4851296,396024,2310141
5204,5,3,1,2018,40,9501584,2083127,572860,1041564,624938,729095,156235,867970,2025263,165328,964411
6520,5,3,1,2018,40,11281135,2473276,680151,1236638,741983,865647,185496,1030532,2404574,196292,1145035
7843,5,3,1,2018,40,13026661,2855965,785390,1427983,856790,999588,214197,1189986,2776633,226664,1322206
8100,5,3,1,2018,40,13357577,2928515,805342,1464258,878555,1024980,219639,1220215,2847168,232422,1355794
9000,5,3,1,2018,40,14520164,3183401,875435,1591700,955020,1114190,238755,1326417,3094973,252651,1473797
14000,5,3,1,2018,40,20784030,4556691,1253090,2278345,1367007,1594842,341752,1898621,4430116,361642,2109579
9900,5,3,1,2018,40,15670454,3435590,944787,1717795,1030677,1202457,257669,1431496,3340157,272666,1590551
10540,5,3,1,2018,40,16482751,3613678,993762,1806839,1084103,1264787,271026,1505699,3513298,286800,1672999
11000,5,3,1,2020,40,21936582,4809376,1322578,2404688,1442813,1683282,360703,2003907,4675782,381697,2226563
11560,5,3,1,2020,40,22835893,5006541,1376799,2503271,1501962,1752289,375491,2086059,4867471,397345,2317843
13000,5,3,1,2020,40,25141131,5511942,1515784,2755971,1653582,1929180,413396,2296642,5358832,437456,2551825
20150,5,3,1,2020,40,23370996,5123857,1409061,2561929,1537157,1793350,384289,2134941,4981528,406655,2372156
25000,5,3,1,2020,40,28110655,6162980,1694820,3081490,1848894,2157043,462224,2567908,5991786,489125,2853232
27400,5,3,1,2020,40,30429195,6671297,1834607,3335648,2001389,2334954,500347,2779707,6485983,529468,3088563
32000,5,3,1,2020,40,34839378,7638185,2100501,3819093,2291456,2673365,572864,3182577,7426013,606205,3536197
38388,5,3,1,2020,40,40891065,8964957,2465363,4482479,2689487,3137735,672372,3735399,8715930,711505,4150443
34280,5,3,1,2020,40,37007453,8113514,2231216,4056757,2434054,2839730,608514,3380631,7888139,643930,3756256
33600,5,3,1,2020,40,36362426,7972098,2192327,3986049,2391629,2790234,597907,3321708,7750651,632706,3690786
40000,5,3,1,2020,40,42410461,9298069,2556969,4649035,2789421,3254324,697355,3874196,9039790,737942,4304662
37000,5,3,1,2020,40,39581071,8677754,2386382,4338877,2603326,3037214,650832,3615731,8436705,688711,4017479
36000,5,3,1,2020,40,38636808,8470734,2329452,4235367,2541220,2964757,635305,3529472,8235436,672280,3921636
7000,3,5,1,2018,40,10650572,2335031,642134,1167516,700509,817261,175127,972930,2270169,185320,1081033
9400,3,5,1,2018,40,13437473,2946032,810159,1473016,883809,1031111,220952,1227513,2864197,233812,1363903
10720,3,5,1,2018,40,15708953,3444031,947108,1722015,1033209,1205411,258302,1435013,3348363,273336,1594459
14300,3,5,1,2018,40,18905540,4144851,1139834,2072425,1243455,1450698,310864,1727021,4029716,328956,1918912
15000,3,5,1,2018,40,19666717,4311731,1185726,2155866,1293519,1509106,323380,1796555,4191961,342201,1996172
15820,3,5,1,2018,40,20560782,4507746,1239630,2253873,1352324,1577711,338081,1878227,4382531,357758,2086919
16100,3,5,1,2018,40,20862326,4573856,1257810,2286928,1372157,1600850,343039,1905773,4446805,363004,2117526
16850,3,5,1,2018,40,21675508,4752138,1306838,2376069,1425642,1663248,356410,1980058,4620135,377154,2200064
17820,3,5,1,2020,40,12442949,2727992,750198,1363996,818398,954797,204599,1136663,2652215,216507,1262959
18930,3,5,1,2020,40,30738852,6739186,1853276,3369593,2021756,2358715,505439,2807994,6551986,534856,3119993
19760,3,5,1,2020,40,31876233,6988545,1921850,3494273,2096564,2445991,524141,2911894,6794419,554646,3235438
13200,3,5,1,2020,40,22750987,4987926,1371680,2493963,1496378,1745774,374094,2078303,4849373,395867,2309225
16320,3,5,1,2020,40,27132305,5948486,1635834,2974243,1784546,2081970,446136,2478536,5783251,472102,2753929
12830,3,5,1,2020,40,22226785,4873000,1340075,2436500,1461900,1705550,365475,2030417,4737639,386746,2256019
13500,3,5,1,2020,40,23175816,5081066,1397293,2540533,1524320,1778373,381080,2117111,4939925,403259,2352345
17050,3,5,1,2020,40,28145422,6170602,1696916,3085301,1851181,2159711,462795,2571084,5999197,489730,2856760
18000,3,5,1,2020,40,29458390,6458457,1776076,3229229,1937537,2260460,484384,2691024,6279056,512576,2990027
8000,3,5,1,2020,40,12000392,2630966,723516,1315483,789290,920838,197322,1096236,2557884,208807,1218040
13435,8,1,1,2021,50,14909732,4202755,1155758,2101378,1260827,1470964,315207,1751148,4086012,86476,1945720
7784,8,1,1,2019,50,7398935,2085612,573543,1042806,625684,729964,156421,869005,2027678,42914,965561
4672,8,1,1,2019,50,4947414,1394577,383509,697288,418373,488102,104593,581074,1355839,28695,645637
10000,8,1,1,2019,50,8917289,2513606,691242,1256803,754082,879762,188520,1047336,2443783,51720,1163706
9200,8,1,1,2019,50,8323354,2346187,645201,1173093,703856,821165,175964,977578,2281015,48275,1086198
6320,8,1,1,2019,50,6146488,1732572,476457,866286,519772,606400,129943,721905,1684445,35650,802117
8264,8,1,1,2019,50,7623116,2148804,590921,1074402,644641,752081,161160,895335,2089115,44214,994817
4200,8,1,1,2019,50,4478861,1262501,347188,631251,378750,441875,94688,526042,1227432,25977,584491
7563,8,1,1,2019,50,7095751,2000150,550041,1000075,600045,700053,150011,833396,1944590,41155,925995
6450,8,1,1,2019,50,6245314,1760429,484118,880215,528129,616150,132032,733512,1711528,36223,815014
11200,8,1,1,2019,50,9798803,2762087,759574,1381043,828626,966730,207157,1150869,2685362,56833,1278744
6000,8,1,1,2019,50,5898784,1662749,457256,831375,498825,581962,124706,692812,1616562,34213,769791
5350,6,1,1,2019,50,5121621,1443682,397013,721841,433105,505289,108276,601534,1403580,29705,668372
4600,6,1,1,2019,50,4548125,1282026,352557,641013,384608,448709,96152,534177,1246414,26379,593530
10000,6,1,1,2019,50,8547938,2409493,662611,1204746,722848,843323,180712,1003955,2342563,49578,1115506
8546,6,1,1,2021,50,9424933,2656700,730593,1328350,797010,929845,199253,1106958,2582903,54665,1229954
11260,6,1,1,2021,50,11888085,3351013,921529,1675507,1005304,1172855,251326,1396256,3257930,68951,1551395
3655,6,1,1,2021,50,4796066,1351915,371777,675958,405575,473170,101394,563298,1314362,27817,625887
10200,6,1,1,2021,50,10932741,3081721,847473,1540860,924516,1078602,231129,1284050,2996118,63410,1426723
5320,6,1,1,2021,50,6414776,1808197,497254,904099,542459,632869,135615,753415,1757969,37206,837128
7540,6,1,1,2021,50,8499356,2395799,658845,1197899,718740,838529,179685,998249,2329249,49296,1109166
4900,6,1,1,2021,50,6011237,1694447,465973,847224,508334,593057,127084,706020,1647379,34865,784466
7652,6,1,1,2021,50,8602144,2424772,666812,1212386,727432,848670,181858,1010322,2357417,49892,1122580
3200,6,1,1,2021,50,4341371,1223746,336530,611873,367124,428311,91781,509894,1189753,25180,566549
2460,5,1,1,2021,50,3430121,966883,265893,483441,290065,338409,72516,402868,940025,19895,447631
2800,5,1,1,2021,50,3771424,1063089,292349,531544,318927,372081,79732,442954,1033559,21874,492171
3560,5,1,1,2021,50,4515848,1272927,350055,636464,381878,445524,95470,530386,1237568,26192,589318
3480,5,1,1,2021,50,4439706,1251464,344153,625732,375439,438012,93860,521443,1216701,25750,579382
4000,5,1,1,2021,50,4939903,1392460,382926,696230,417738,487361,104434,580192,1353780,28651,644657
4365,5,1,1,2021,50,5288089,1490606,409917,745303,447182,521712,111795,621086,1449201,30671,690096
5000,5,1,1,2021,50,5887943,1659693,456416,829847,497908,580893,124477,691539,1613591,34150,768376
5698,5,1,1,2021,50,6540064,1843513,506966,921757,553054,645230,138263,768130,1792304,37932,853478
6000,5,1,1,2021,50,6820033,1922431,528669,961215,576729,672851,144182,801013,1869030,39556,890014
6546,5,1,1,2021,50,7322518,2064071,567620,1032036,619221,722425,154805,860030,2006736,42471,955589
7000,5,1,1,2021,50,7737949,2181173,599823,1090586,654352,763411,163588,908822,2120585,44880,1009802
7468,5,1,1,2021,50,8164104,2301298,632857,1150649,690389,805454,172597,958874,2237373,47352,1065416
8200,5,1,1,2021,50,8828462,2488567,684356,1244283,746570,870998,186643,1036903,2419440,51205,1152114
8756,5,1,1,2021,50,9328088,2629401,723085,1314701,788820,920290,197205,1095584,2556362,54103,1217315
9125,5,1,1,2021,50,9659948,2722946,748810,1361473,816884,953031,204221,1134561,2647309,56028,1260623
9438,5,1,1,2021,50,9939478,2801740,770479,1400870,840522,980609,210131,1167392,2723914,57649,1297102
10000,5,1,1,2021,50,10442081,2943414,809439,1471707,883024,1030195,220756,1226422,2861652,60564,1362692
10450,5,1,1,2021,50,10841942,3056127,840435,1528063,916838,1069644,229209,1273386,2971234,62883,1414873
4000,5,2,1,2019,50,7780692,2193221,603136,1096611,657966,767628,164492,913842,2132299,45128,1015380
5230,5,2,1,2019,50,9553670,2692989,740572,1346494,807897,942546,201974,1122079,2618183,55411,1246754
7200,5,2,1,2019,50,12304553,3468407,953812,1734204,1040522,1213943,260131,1445170,3372063,71366,1605744
8920,5,2,1,2019,50,15334186,4322400,1188660,2161200,1296720,1512840,324180,1801000,4202334,88938,2001111
10230,5,2,1,2019,50,16397090,4622012,1271053,2311006,1386604,1617704,346651,1925838,4493623,95103,2139820
12600,5,2,1,2019,50,19520503,5502439,1513171,2751220,1650732,1925854,412683,2292683,5349594,113219,2547426
4350,6,2,1,2019,50,8815,2485,683,1242,745,870,186,1035,2416,51,1150
4790,6,2,1,2019,50,9924067,2797396,769284,1398698,839219,979089,209805,1165582,2719691,57560,1295091
5000,6,2,1,2019,50,10248334,2888800,794420,1444400,866640,1011080,216660,1203667,2808556,59440,1337408
5943,6,2,1,2019,50,11698546,3297586,906836,1648793,989276,1154155,247319,1373994,3205986,67852,1526660
6384,6,2,1,2019,50,12367006,3486012,958653,1743006,1045803,1220104,261451,1452505,3389178,71729,1613894
7000,6,2,1,2019,50,13289381,3746011,1030153,1873005,1123803,1311104,280951,1560838,3641955,77078,1734264
7943,6,2,1,2019,50,14688310,4140341,1138594,2070170,1242102,1449119,310526,1725142,4025331,85192,1916824
8240,6,2,1,2019,50,15126070,4263736,1172528,2131868,1279121,1492308,319780,1776557,4145299,87731,1973952
9720,6,2,1,2019,50,17274758,4869409,1339087,2434704,1460823,1704293,365206,2028920,4734148,100194,2254356
10720,6,2,1,2019,50,18709812,5273922,1450328,2636961,1582177,1845873,395544,2197467,5127424,108517,2441630
11000,6,2,1,2019,50,19110794,5386951,1481411,2693475,1616085,1885433,404021,2244563,5237313,110843,2493959
11344,6,2,1,2019,50,19598597,5524452,1519224,2762226,1657336,1933558,414334,2301855,5370995,113672,2557617
11500,6,2,1,2019,50,19821912,5587401,1536535,2793700,1676220,1955590,419055,2328084,5432195,114967,2586760
12760,6,2,1,2019,50,21600533,6088758,1674409,3044379,1826627,2131065,456657,2536983,5919626,125283,2818870
13580,6,2,1,2019,50,22760011,6415592,1764288,3207796,1924678,2245457,481169,2673163,6237381,132008,2970181
5204,5,3,1,2018,50,9501584,2678307,736534,1339153,803492,937407,200873,1115961,2603909,55109,1239957
6520,5,3,1,2018,50,11281135,3179926,874480,1589963,953978,1112974,238494,1324969,3091595,65431,1472188
7843,5,3,1,2018,50,13026661,3671955,1009788,1835978,1101587,1285184,275397,1529981,3569957,75555,1699979
8100,5,3,1,2018,50,13357577,3765234,1035439,1882617,1129570,1317832,282393,1568847,3660644,77474,1743164
9000,5,3,1,2018,50,14520164,4092944,1125560,2046472,1227883,1432530,306971,1705393,3979251,84217,1894881
14000,5,3,1,2018,50,20784030,5858602,1611116,2929301,1757581,2050511,439395,2441084,5695863,120547,2712316
9900,5,3,1,2018,50,15670454,4417188,1214727,2208594,1325156,1546016,331289,1840495,4294488,90889,2044994
10540,5,3,1,2018,50,16482751,4646158,1277693,2323079,1393847,1626155,348462,1935899,4517098,95600,2150999
11000,5,3,1,2020,50,21936582,6183484,1700458,3091742,1855045,2164219,463761,2576452,6011720,127232,2862724
11560,5,3,1,2020,50,22835893,6436981,1770170,3218491,1931094,2252943,482774,2682076,6258176,132448,2980084
13000,5,3,1,2020,50,25141131,7086782,1948865,3543391,2126035,2480374,531509,2952826,6889927,145819,3280918
20150,5,3,1,2020,50,23370996,6587816,1811650,3293908,1976345,2305736,494086,2744924,6404822,135552,3049915
25000,5,3,1,2020,50,28110655,7923832,2179054,3961916,2377149,2773341,594287,3301596,7703725,163042,3668441
27400,5,3,1,2020,50,30429195,8577381,2358780,4288691,2573214,3002084,643304,3573909,8339121,176489,3971010
32000,5,3,1,2020,50,34839378,9820524,2700644,4910262,2946157,3437183,736539,4091885,9547732,202068,4546539
38388,5,3,1,2020,50,40891065,11526373,3169753,5763187,3457912,4034231,864478,4802656,11206196,237168,5336284
34280,5,3,1,2020,50,37007453,10431661,2868707,5215830,3129498,3651081,782375,4346525,10141892,214643,4829473
33600,5,3,1,2020,50,36362426,10249841,2818706,5124920,3074952,3587444,768738,4270767,9965123,210902,4745297
40000,5,3,1,2020,50,42410461,11954661,3287532,5977330,3586398,4184131,896600,4981109,11622587,245981,5534565
37000,5,3,1,2020,50,39581071,11157112,3068206,5578556,3347134,3904989,836783,4648797,10847193,229570,5165330
36000,5,3,1,2020,50,38636808,10890943,2995009,5445472,3267283,3811830,816821,4537893,10588417,224093,5042103
7000,3,5,1,2018,50,10650572,3002183,825600,1501092,900655,1050764,225164,1250910,2918789,61773,1389900
9400,3,5,1,2018,50,13437473,3787755,1041633,1893877,1136326,1325714,284082,1578231,3682539,77937,1753590
10720,3,5,1,2018,50,15708953,4428040,1217711,2214020,1328412,1549814,332103,1845017,4305039,91112,2050018
14300,3,5,1,2018,50,18905540,5329094,1465501,2664547,1598728,1865183,399682,2220456,5181063,109652,2467173
15000,3,5,1,2018,50,19666717,5543654,1524505,2771827,1663096,1940279,415774,2309856,5389664,114067,2566507
15820,3,5,1,2018,50,20560782,5795673,1593810,2897837,1738702,2028486,434675,2414864,5634682,119253,2683182
16100,3,5,1,2018,50,20862326,5880672,1617185,2940336,1764202,2058235,441050,2450280,5717320,121001,2722534
16850,3,5,1,2018,50,21675508,6109892,1680220,3054946,1832968,2138462,458242,2545788,5940173,125718,2828654
17820,3,5,1,2020,50,12442949,3507418,964540,1753709,1052226,1227596,263056,1461424,3409990,72169,1623805
18930,3,5,1,2020,50,30738852,8664668,2382784,4332334,2599400,3032634,649850,3610278,8423982,178285,4011420
19760,3,5,1,2020,50,31876233,8985273,2470950,4492636,2695582,3144845,673895,3743864,8735682,184882,4159848
13200,3,5,1,2020,50,22750987,6413048,1763588,3206524,1923914,2244567,480979,2672103,6234908,131956,2969004
16320,3,5,1,2020,50,27132305,7648054,2103215,3824027,2294416,2676819,573604,3186689,7435608,157367,3540766
12830,3,5,1,2020,50,22226785,6265286,1722954,3132643,1879586,2192850,469896,2610536,6091250,128915,2900595
13500,3,5,1,2020,50,23175816,6532799,1796520,3266400,1959840,2286480,489960,2722000,6351332,134420,3024444
17050,3,5,1,2020,50,28145422,7933632,2181749,3966816,2380089,2776771,595022,3305680,7713253,163243,3672978
18000,3,5,1,2020,50,29458390,8303731,2283526,4151865,2491119,2906306,622780,3459888,8073072,170859,3844320
8000,3,5,1,2020,50,12000392,3382670,930234,1691335,1014801,1183935,253700,1409446,3288707,69602,1566051
